Justin Redmond
COMP 278-06
Joey Lawrance
10/17/2014

bits | # possibilities
  0  |		1
  1  |		2
  2  |		4
  3  |		8
  4  |		16
  
1i.) 4 bits
1ii.) 2 bits
2.)	States:
	0 even, 1 even	: 00
	0 odd, 1 even 	: 01
	0 odd, 1 odd 	: 10
	0 even, 1 odd 	: 11
	Inputs:
	0 in/out, 1 in/out
3.)	s1 | s0 | input	| n1 n0		n1MUX n0MUX
	 0 | 0	|	0	|  0  1		
	 0 | 0	|	1	|  1  1		in		1
	 ______________________
	 0 | 1	|	0	|  0  0		
	 0 | 1	|	1	|  1  0		in		0
	 ______________________
	 1 | 0	|	0	|  1  1		
	 1 | 0	|	1	|  0  1		in'		1
	 ______________________
	 1 | 1	|	0	|  1  0		in'		0
	 1 | 1	|	1	|  0  0		
4.) n1 = (s1'·s0'·in) + (s1'·s0·in) + (s1·s0'·in') + (s1·s0·in')
		= s1'·in·(s0' + s0) + s1·in'·(s0' + s0)				Distributive
		= s1'·in·(1) + s1·in'·(1)							Complement
		= s1'·in + s1·in'
		= s1 XOR in											XOR
	n0 = (s1'·s0'·in') + (s1'·s0'·in) + (s1·s0'·in') + (s1·s0'·in)
		= s0'·(s1'·in' + s1'·in + s1·in' + s1·in)			Distributive
		= s0'·((s1'·in' + s1·in) + (s1·in' + s1'·in))		Commutative
		= s0'·((s1 XNOR in) + (s1 XOR in))					XOR/XNOR
		= s0'·(1)											Complement
		= s0'
		
1i.) 8 bits
1ii.) 3 bits
2.)	States:
	0 cents		- 000
	5 cents 	- 001
	10 cents	- 010
	15 cents	- 011
	20 cents	- 100
	25 cents	- 101
	Null1 		- 110 (number overflow)
	Null2		- 111 (invalid input)
	Inputs:
	nickel		- 00
	dime		- 01
	quarter 	- 10
	invalid		- 11
3.)	s2 | s1 | s0 | in1 in0 | n2 n1 n0
	 0 |  0 |  0 | 	0 	0  |  0  0  1	(s2'·s1'·s0'·in1'·in0') + 
	 0 |  0 |  0 | 	0	1  |  0  1  0	(s2'·s1'·s0'·in1'·in0) + 
	 0 |  0 |  0 | 	1 	0  |  1  0  1	(s2'·s1'·s0'·in1·in0') + 
	 0 |  0 |  0 | 	1 	1  |  1  1  1	(s2'·s1'·s0'·in1·in0) + 
	 ________________________________
	 0 |  0 |  1 | 	0   0  |  0  1  0	(s2'·s1'·s0·in1'·in0') + 
	 0 |  0 |  1 | 	0   1  |  0  1  1	(s2'·s1'·s0·in1'·in0) + 
	 0 |  0 |  1 | 	1   0  |  1  1  0	(s2'·s1'·s0·in1·in0') + 
	 0 |  0 |  1 | 	1 	1  |  1  1  1	(s2'·s1'·s0·in1·in0) + 
	 ________________________________
	 0 |  1 |  0 | 	0   0  |  0  1  1	(s2'·s1·s0'·in1'·in0') + 
	 0 |  1 |  0 | 	0   1  |  1  0  0	(s2'·s1·s0'·in1'·in0') + 
	 0 |  1 |  0 | 	1   0  |  1  1  0	(s2'·s1·s0'·in1·in0') + 
	 0 |  1 |  0 | 	1 	1  |  1  1  1	(s2'·s1·s0'·in1·in0) + 
	 ________________________________
	 0 |  1 |  1 | 	0   0  |  1  0  0	(s2'·s1·s0·in1'·in0') + 
	 0 |  1 |  1 | 	0   1  |  1  0  1	(s2'·s1·s0·in1'·in0) + 
	 0 |  1 |  1 | 	1   0  |  1  1  0	(s2'·s1·s0·in1·in0') + 
	 0 |  1 |  1 | 	1 	1  |  1  1  1	(s2'·s1·s0·in1·in0) + 
	 ________________________________
	 1 |  0 |  0 | 	0   0  |  1  0  1	(s2·s1'·s0'·in1'·in0') + 
	 1 |  0 |  0 | 	0   1  |  1  1  0	(s2·s1'·s0'·in1'·in0) + 
	 1 |  0 |  0 | 	1   0  |  1  1  0	(s2·s1'·s0'·in1·in0') + 
	 1 |  0 |  0 | 	1 	1  |  1  1  1	(s2·s1'·s0'·in1·in0) + 
	 ________________________________
	 1 |  0 |  1 | 	0   0  |  1  1  0	(s2·s1'·s0·in1'·in0') + 
	 1 |  0 |  1 | 	0   1  |  1  1  0	(s2·s1'·s0·in1·in0') + 
	 1 |  0 |  1 | 	1   0  |  1  1  0	(s2·s1'·s0·in1'·in0) + 
	 1 |  0 |  1 | 	1 	1  |  1  1  1	(s2·s1'·s0·in1·in0) + 
	 ________________________________
	 1 |  1 |  0 | 	0   0  |  1  1  0	(s2·s1·s0'·in1'·in0') + 
	 1 |  1 |  0 | 	0   1  |  1  1  0	(s2·s1·s0'·in1'·in0) + 
	 1 |  1 |  0 | 	1   0  |  1  1  0	(s2·s1·s0'·in1·in0') + 
	 1 |  1 |  0 | 	1 	1  |  1  1  1	(s2·s1·s0'·in1·in0) + 
	 ________________________________
	 1 |  1 |  1 | 	0   0  |  1  1  1	(s2·s1·s0·in1'·in0') + 
	 1 |  1 |  1 | 	0   1  |  1  1  1	(s2·s1·s0·in1'·in0) + 
	 1 |  1 |  1 | 	1   0  |  1  1  1	(s2·s1·s0·in1·in0') + 
	 1 |  1 |  1 | 	1 	1  |  1  1  1	(s2·s1·s0·in1·in0)

4.)	n2 =
	s2 | s1 | s0 | in1 in0 | n2 	out
	 0 |  0 |  0 | 	0 	0  |  0		
	 0 |  0 |  0 | 	0	1  |  0		
	 0 |  0 |  0 | 	1 	0  |  1		
	 0 |  0 |  0 | 	1 	1  |  1		in1
	 ________________________________
	 0 |  0 |  1 | 	0   0  |  0
	 0 |  0 |  1 | 	0   1  |  0
	 0 |  0 |  1 | 	1   0  |  1
	 0 |  0 |  1 | 	1 	1  |  1		in1
	 ________________________________
	 0 |  1 |  0 | 	0   0  |  0
	 0 |  1 |  0 | 	0   1  |  1
	 0 |  1 |  0 | 	1   0  |  1
	 0 |  1 |  0 | 	1 	1  |  1		in1 + in0
	 ________________________________
	 0 |  1 |  1 | 	0   0  |  1
	 0 |  1 |  1 | 	0   1  |  1
	 0 |  1 |  1 | 	1   0  |  1
	 0 |  1 |  1 | 	1 	1  |  1		1
	 ________________________________
	 1 |  0 |  0 | 	0   0  |  1
	 1 |  0 |  0 | 	0   1  |  1
	 1 |  0 |  0 | 	1   0  |  1
	 1 |  0 |  0 | 	1 	1  |  1		1
	 ________________________________
	 1 |  0 |  1 | 	0   0  |  1
	 1 |  0 |  1 | 	0   1  |  1
	 1 |  0 |  1 | 	1   0  |  1
	 1 |  0 |  1 | 	1 	1  |  1		1
	 ________________________________
	 1 |  1 |  0 | 	0   0  |  1
	 1 |  1 |  0 | 	0   1  |  1
	 1 |  1 |  0 | 	1   0  |  1
	 1 |  1 |  0 | 	1 	1  |  1		1
	 ________________________________
	 1 |  1 |  1 | 	0   0  |  1
	 1 |  1 |  1 | 	0   1  |  1
	 1 |  1 |  1 | 	1   0  |  1
	 1 |  1 |  1 | 	1 	1  |  1		1
	 
	n1 =
	s2 | s1 | s0 | in1 in0 | n1		out
	 0 |  0 |  0 | 	0 	0  |  0
	 0 |  0 |  0 | 	0	1  |  1
	 0 |  0 |  0 | 	1 	0  |  0
	 0 |  0 |  0 | 	1 	1  |  1		in0
	 ________________________________
	 0 |  0 |  1 | 	0   0  |  1
	 0 |  0 |  1 | 	0   1  |  1
	 0 |  0 |  1 | 	1   0  |  1
	 0 |  0 |  1 | 	1 	1  |  1 	1
	 ________________________________
	 0 |  1 |  0 | 	0   0  |  1
	 0 |  1 |  0 | 	0   1  |  0
	 0 |  1 |  0 | 	1   0  |  1
	 0 |  1 |  0 | 	1 	1  |  1		in1 + in0'
	 ________________________________
	 0 |  1 |  1 | 	0   0  |  0 
	 0 |  1 |  1 | 	0   1  |  0
	 0 |  1 |  1 | 	1   0  |  1
	 0 |  1 |  1 | 	1 	1  |  1		in1
	 ________________________________
	 1 |  0 |  0 | 	0   0  |  0
	 1 |  0 |  0 | 	0   1  |  1
	 1 |  0 |  0 | 	1   0  |  1
	 1 |  0 |  0 | 	1 	1  |  1		in1 + in0
	 ________________________________
	 1 |  0 |  1 | 	0   0  |  1
	 1 |  0 |  1 | 	0   1  |  1
	 1 |  0 |  1 | 	1   0  |  1
	 1 |  0 |  1 | 	1 	1  |  1		1
	 ________________________________
	 1 |  1 |  0 | 	0   0  |  1
	 1 |  1 |  0 | 	0   1  |  1
	 1 |  1 |  0 | 	1   0  |  1
	 1 |  1 |  0 | 	1 	1  |  1		1
	 ________________________________
	 1 |  1 |  1 | 	0   0  |  1
	 1 |  1 |  1 | 	0   1  |  1
	 1 |  1 |  1 | 	1   0  |  1
	 1 |  1 |  1 | 	1 	1  |  1		1
	
	n0 =
	s2 | s1 | s0 | in1 in0 | n0		out
	 0 |  0 |  0 | 	0 	0  |  1
	 0 |  0 |  0 | 	0	1  |  0
	 0 |  0 |  0 | 	1 	0  |  1 
	 0 |  0 |  0 | 	1 	1  |  1		in1 + in0'
	 ________________________________
	 0 |  0 |  1 | 	0   0  |  0
	 0 |  0 |  1 | 	0   1  |  1
	 0 |  0 |  1 | 	1   0  |  0 
	 0 |  0 |  1 | 	1 	1  |  1 	in0
	 ________________________________
	 0 |  1 |  0 | 	0   0  |  1
	 0 |  1 |  0 | 	0   1  |  0
	 0 |  1 |  0 | 	1   0  |  0
	 0 |  1 |  0 | 	1 	1  |  1		in1 XNOR in0
	 ________________________________
	 0 |  1 |  1 | 	0   0  |  0 
	 0 |  1 |  1 | 	0   1  |  1
	 0 |  1 |  1 | 	1   0  |  0
	 0 |  1 |  1 | 	1 	1  |  1		in0
	 ________________________________
	 1 |  0 |  0 | 	0   0  |  1
	 1 |  0 |  0 | 	0   1  |  0
	 1 |  0 |  0 | 	1   0  |  0
	 1 |  0 |  0 | 	1 	1  |  1		in1 XNOR in0
	 ________________________________
	 1 |  0 |  1 | 	0   0  |  0
	 1 |  0 |  1 | 	0   1  |  0
	 1 |  0 |  1 | 	1   0  |  0
	 1 |  0 |  1 | 	1 	1  |  1		in1·in0
	 ________________________________
	 1 |  1 |  0 | 	0   0  |  0
	 1 |  1 |  0 | 	0   1  |  0
	 1 |  1 |  0 | 	1   0  |  0
	 1 |  1 |  0 | 	1 	1  |  1		in1·in0
	 ________________________________
	 1 |  1 |  1 | 	0   0  |  1 
	 1 |  1 |  1 | 	0   1  |  1
	 1 |  1 |  1 | 	1   0  |  1
	 1 |  1 |  1 | 	1 	1  |  1		1